206173
207989
100644
207733
126203
104925
207518
208029
106421
210097
200282
126207
126205
126094
210150
202103
111575
200005
105777
200615
207830
207925
208103
126774
200000
200221
133430
122330
206909
210506
134868
126610
208659
132686
202104
128034
124186
209113
104792
105138
208286
111442
106218
111460
132283
200175
200267
207985
124079
144869
144719
200116
209260
211663
206681
127157
111815
111513
105676
126127
207681
210530
106000
207352
126239
106148
124187
209098
208233
126128
206499
106415
106331
126846
106198
200240
144895
105227
200443
209920
208014
200384
111456
208363
122298
105807
208134
210319
202358
207686
210460
200587
105916
207411
105902
111794
209209
208316
209284
124116
209070
210262
105173
105526
105932
104926
111153
126129
111797
208278
202385
208210
105554
210317
106109
200416
126652
208902
202320
200610
209957
207785
144750
206748
211902
209259
209857
210472
105583
106426
